2.366566373222597497e-01
1.708369044883711885e-01
2.603446549163521695e-01
3.774746978099640105e-01
1.943890122226343276e-01
1.843215660919468313e-01
1.972113388711797255e-01
2.406105869054289415e-01
2.295670882129140500e-01
2.333609791941874956e-01
2.627818693463850330e-01
1.427399279477605532e-01
2.610356091008996793e-01
2.877188282465678593e-01
2.487574840004368737e-01
2.060305667912567806e-01
2.101869596170345411e-01
2.589723230276919086e-01
2.617827632312538233e-01
2.611582312322412447e-01
2.721206188835793016e-01
1.613014934827193270e-01
2.250531655968774913e-01
1.882230326383792229e-01
2.773298417294219331e-01
2.579157619662712508e-01
1.802344575500883783e-01
3.569516575630835575e-01
2.716256685390733283e-01
2.484767095899611811e-01
3.007632416783594387e-01
1.955797863238077361e-01
2.463024803829471643e-01
2.735386861837340033e-01
3.605447186577521168e-01
2.605225494016623067e-01
2.822141696210382356e-01
2.289520254759093154e-01
3.116665542834674008e-01
1.700005907457855514e-01
3.049823218376208067e-01
4.030174487595302724e-01
2.579024398898063786e-01
2.348998867194482254e-01
2.017707977856502688e-01
1.942439993443211277e-01
2.491284556089167490e-01
2.456119425782650467e-01
2.302495264188184065e-01
2.357707624088840881e-01
2.556112815883048173e-01
2.277990949733932347e-01
1.886463277671589778e-01
1.994843485429009244e-01
1.769273967697380656e-01
3.189667553819298673e-01
2.681201037988371616e-01
3.166704298971180220e-01
3.042901202586569265e-01
2.692484869639655276e-01
2.210992634878143626e-01
2.623902007443634776e-01
3.041970267883572498e-01
2.495570053575563441e-01
3.238459722376652028e-01
3.073095561700515121e-01
1.139872609052400287e-01
3.139138587988583584e-01
2.286933546911376347e-01
2.491426678190713784e-01
2.261514455194950368e-01
3.022808916951815195e-01
2.683914724032994137e-01
1.857271369713931475e-01
1.671209010871500533e-01
2.711433070648598398e-01
2.198294924212775281e-01
1.454662471612461205e-01
2.601231243767588852e-01
2.668185955200256254e-01
3.550147597658582788e-01
1.617785200865904938e-01
2.400853243002796511e-01
2.435682820510698676e-01
2.364896120579464689e-01
2.617859072413997179e-01
3.189959122594751006e-01
2.200501775462364862e-01
2.803637496614586055e-01
2.699638340267416226e-01
2.230784603719950521e-01
1.856120935493542623e-01
1.820173896089388177e-01
3.066834746917639354e-01
2.767547382056830263e-01
1.886894566451044475e-01
1.591385509168571355e-01
2.540267982938605451e-01
2.813495157012652070e-01
2.988189552583073727e-01
1.049450894983516014e-01
1.443470109347592678e-01
2.476556561221711916e-01
1.931234425251541209e-01
2.568949077663180147e-01
2.995448956459010326e-01
2.055384467957677985e-01
3.362061675071670308e-01
2.473151682509958649e-01
2.653204242705914928e-01
2.336040995783729701e-01
1.667880176670934467e-01
2.893936927646197921e-01
2.462111251493085962e-01
2.775651070122630015e-01
2.725535856284480030e-01
2.281960287234581775e-01
2.776199477117960446e-01
2.833544924168573953e-01
1.917906021515632109e-01
2.075047745634220064e-01
1.672666465776613265e-01
2.839904519828754803e-01
1.965481785208429977e-01
2.086460340728757967e-01
2.479171505307825596e-01
2.816664089437452279e-01
1.691385440487934433e-01
2.345216076288859364e-01
2.742282078953038882e-01
2.238068326456694457e-01
2.202351371250361456e-01
2.719300582468403005e-01
3.529956643553232021e-01
2.180460599092777230e-01
2.430078690041885814e-01
1.997536219149994019e-01
3.080128239302183935e-01
2.225107406065765514e-01
3.158333442574009498e-01
2.113302203605724738e-01
3.674420769173721846e-01
2.945668107897594368e-01
1.574683418578860516e-01
2.545554919496030855e-01
1.884210991529618462e-01
2.653045912889953617e-01
2.030124141333699561e-01
2.575165914757793217e-01
2.401200262065104618e-01
2.840129712518013605e-01
2.170486387620300106e-01
2.051655124888477899e-01
2.482004564362971788e-01
2.595271056917042851e-01
2.215399737613293341e-01
1.987754699226896016e-01
3.652501574052839928e-01
1.841697997760426975e-01
2.773835297147846379e-01
2.363649571741796018e-01
2.532469231634168483e-01
2.448648664815328280e-01
2.389058133601821288e-01
2.019663194402601392e-01
3.427540445276138215e-01
3.089930996933379914e-01
2.339009949098060925e-01
2.788885263897348255e-01
1.833566240375583134e-01
3.012782514679271384e-01
2.492020349164394688e-01
2.762325699590143513e-01
2.651534102507360768e-01
2.276887450223957776e-01
2.486056305055137916e-01
2.368464531334470435e-01
2.722919666553685891e-01
2.076675016464168966e-01
2.071298469867943193e-01
2.962063035949203949e-01
3.683174173855295885e-01
2.504406676103380636e-01
2.777513665296619250e-01
1.878865897862063983e-01
2.348284329612490562e-01
2.803204143572382567e-01
2.547562235560476562e-01
3.122024290343969888e-01
2.184275920629161205e-01
3.231824057657022853e-01
3.063067543137871773e-01
2.557669036923164718e-01
2.922433867761545234e-01
2.097203704496369836e-01
2.492475350047899940e-01
2.221344618972695417e-01
1.990909011348975799e-01
2.864730089714010441e-01
1.860527895245323304e-01
2.365483894284848565e-01
2.610468386126177931e-01
2.515166664599057245e-01
2.667495303524380912e-01
2.308350104915325718e-01
2.617953762542781782e-01
2.480046110252326907e-01
2.112502854066418689e-01
2.523968983729183990e-01
1.977103776910285882e-01
2.840518996376565908e-01
2.326991978593165866e-01
2.479556374573451127e-01
3.156211993638489699e-01
3.241268850571727977e-01
3.438110669383288576e-01
2.742303872947334797e-01
2.780135710347396705e-01
3.383087622283650897e-01
2.738610963856888958e-01
2.701097657505457383e-01
2.201078606045207553e-01
3.211839463096512470e-01
2.257733262116939921e-01
2.390282643051467870e-01
2.424445863303098525e-01
2.775607527796947749e-01
2.932010151909149598e-01
2.273386652371508221e-01
2.858101835949980463e-01
2.888611039817809978e-01
2.676240502941712451e-01
2.688108950421239651e-01
2.473961616240310524e-01
2.882855861456855573e-01
1.531229767218998394e-01
2.434467571377292583e-01
1.668784209796896900e-01
2.619112328738281703e-01
2.540912266230297978e-01
2.328705956545117362e-01
3.148079430429896464e-01
3.018111462528557665e-01
2.013152954032379482e-01
2.897305597037808100e-01
1.521871994166876796e-01
2.560675701617078914e-01
1.966171216083871243e-01
2.357023957587977003e-01
2.978184537272701160e-01
1.471136852884871726e-01
2.437333001262350085e-01
2.073677738340084786e-01
2.202112461224199347e-01
2.393085055301650832e-01
2.519764150816758419e-01
2.590462125551288852e-01
1.820702577742975281e-01
2.595124350223053100e-01
2.814338777414135961e-01
2.361664891844995895e-01
2.600944683241748212e-01
2.231859403562128641e-01
2.792238170536002762e-01
3.159336141839799716e-01
2.254579807206789077e-01
2.636606364357478305e-01
2.180424766901028211e-01
1.689900816470250589e-01
3.160719658393378317e-01
2.403327806467735472e-01
2.986724809459402330e-01
2.322073556246771753e-01
1.872658868272231436e-01
3.503195197163961883e-01
3.228178243841243744e-01
3.341524828751233356e-01
1.874887856850684376e-01
2.617303116411293651e-01
2.679670390066303809e-01
1.810111528085885102e-01
2.149290807798285852e-01
2.619117471146156784e-01
2.546096581548941140e-01
2.065998335528926588e-01
2.183627603791319927e-01
2.932597394176964523e-01
2.509025331457324093e-01
4.386811289443517392e-01
2.360683498596920227e-01
3.179765285389122287e-01
2.101038629428618743e-01
3.296304999028266125e-01
3.308429311728723343e-01
3.443643127962672246e-01
2.239457797166033437e-01
2.688435251828006911e-01
2.801251231224389238e-01
2.705702687006195650e-01
1.515591725752982177e-01
2.949658305899052202e-01
2.718003502156808304e-01
2.412568675003786689e-01
2.610393196926607540e-01
2.566008933830292715e-01
2.713074195462948923e-01
2.611125416633374163e-01
2.609099230892731880e-01
3.046540435498633625e-01
2.045578391972764087e-01
2.464538353823049199e-01
2.158741075665978892e-01
2.204284649389560147e-01
2.542641677008557477e-01
2.226833616986561570e-01
1.742443619484657924e-01
2.475555278598580711e-01
1.792074586163226180e-01
3.291543528656403761e-01
2.656436527882812815e-01
3.000977064732883171e-01
2.664722222477690083e-01
1.911393977461487981e-01
2.209115303754566051e-01
3.204099490712088438e-01
3.052163710105617045e-01
2.895115216782102596e-01
3.110404644737557178e-01
2.653696947259395755e-01
2.203450662648853975e-01
2.685821052278181131e-01
2.791626591097013943e-01
1.897612950676517141e-01
2.846293758412811181e-01
2.303939704102288544e-01
1.941790769552184381e-01
4.030375152234908498e-01
2.780874311602773985e-01
2.817283835655841617e-01
2.532428229302495781e-01
1.956296441872277247e-01
2.317638576151239138e-01
2.477946012801856279e-01
2.611211976749555075e-01
1.729788323878156953e-01
2.298913891654922048e-01
2.486739113936945189e-01
2.539452667656696971e-01
2.423190467539216020e-01
2.784664407976599754e-01
2.613666279481091648e-01
2.814702098123301188e-01
2.180295035717241259e-01
1.997347174258407854e-01
2.702945491428069280e-01
2.208574474284387967e-01
3.163238052840354197e-01
2.793423191230252067e-01
2.394182359070469168e-01
3.525061158083199753e-01
2.568649381707603374e-01
1.831251948925987083e-01
2.171366000585960854e-01
2.402319030114613285e-01
3.198817469670592328e-01
2.446763583748640114e-01
3.409021763200543176e-01
2.750611798982250944e-01
1.660368067201702380e-01
2.562503073622677818e-01
2.353497788418911496e-01
2.456736065223081855e-01
2.093408889141278317e-01
2.623910845336971387e-01
2.676939197915113589e-01
3.446991568172667608e-01
2.718839612801956518e-01
2.503723690736421315e-01
2.487651666490566515e-01
2.415758878686961042e-01
2.874652535273128917e-01
3.106668625413428475e-01
2.396823677358510263e-01
2.091069843673855899e-01
2.943751769827769316e-01
3.337080382373476817e-01
2.347393176112746171e-01
2.406640151034379060e-01
2.675782347222430690e-01
2.001989558693683668e-01
2.399925801056350394e-01
2.670891736806413341e-01
2.647825077387391812e-01
3.134821877019796088e-01
2.168064188300253547e-01
3.077632492821719135e-01
2.116694659186006411e-01
1.934394254064748797e-01
3.254277982552815085e-01
2.547408774714855495e-01
